0.204778
0.496976
0.527885
0.534145
0.535686
0.536638
0.537307
0.537735
0.537925
0.537971
0.537919
0.53782
0.537725
0.537634
0.537532
0.537447
0.537379
0.537336
0.537328
0.537375
0.53747
0.537585
0.537742
0.537926
0.538123
0.538329
0.538544
0.538764
0.538989
0.539215
0.539441
0.539663
0.53988
0.540096
0.540307
0.540514
0.540719
0.540921
0.541121
0.541317
0.541511
0.541703
0.541901
0.542098
0.542299
0.542517
0.542748
0.542985
0.543228
0.543475
0.543725
0.543973
0.54422
0.544468
0.544716
0.544967
0.54522
0.545476
0.545732
0.545986
0.546235
0.546478
0.546715
0.546948
0.547179
0.547406
0.54763
0.547848
0.54806
0.548265
0.548462
0.548651
0.548835
0.549013
0.549185
0.549351
0.549511
0.549666
0.549817
0.549964
0.550107
0.550248
0.550386
0.550519
0.55065
0.550777
0.550902
0.551024
0.551143
0.551259
0.551373
0.551485
0.551595
0.551702
0.551808
0.551911
0.552012
0.55211
0.552206
0.552298
0.552386
0.552469
0.552547
0.552619
0.552684
0.552743
0.552796
0.552843
0.552884
0.552919
0.552947
0.552968
0.552981
0.55299
0.552996
0.553002
0.55301
0.553022
0.553038
0.553059
0.553084
0.553112
0.553145
0.553177
0.553211
0.553246
0.553284
0.553324
0.553366
