0.0210641
0.0087393
0.00576929
0.00484251
0.00489915
0.00504897
0.00521874
0.00537831
0.00555754
0.00570969
0.0058612
0.00601233
0.00614377
0.00626475
0.00637853
0.00647771
0.0065679
0.00665403
0.00673483
0.00680452
0.00686518
0.0069265
0.00697672
0.00701973
0.00705927
0.00709614
0.00713048
0.0071627
0.00719287
0.00722179
0.00724874
0.00727555
0.00730142
0.00732599
0.00734979
0.00737252
0.00739416
0.00741513
0.00743536
0.00745583
0.00747637
0.00749724
0.00751675
0.00753697
0.0075579
0.0075759
0.00759173
0.00760725
0.00762233
0.00763659
0.00764855
0.00766051
0.00767219
0.0076835
0.00769437
0.00770519
0.00771567
0.00772559
0.00773528
0.00774411
0.00775198
0.00775906
0.00776565
0.00777182
0.00777781
0.00778381
0.00778933
0.00779441
0.00779886
0.00780281
0.00780648
0.00780985
0.00781246
0.00781491
0.00781722
0.00781936
0.00782161
0.00782369
0.00782544
0.00782692
0.00782832
0.00782872
0.00782916
0.0078293
0.00782926
0.00782939
0.00782919
0.00782882
0.0078283
0.00782744
0.00782668
0.00782514
0.00782333
0.00782141
0.0078193
0.00781699
0.00781477
0.00781233
0.00781
0.00780823
0.00780695
0.00780623
0.00780631
0.00780739
0.00780929
0.00781187
0.00781565
0.00782024
0.0078261
0.0078333
0.00784165
0.00785163
0.00786307
0.00787576
0.00788891
0.00790201
0.00791484
0.0079272
0.00793881
0.00794955
0.00795931
0.0079689
0.00797666
0.00798423
0.00799122
0.00799753
0.00800303
0.00800776
0.00801148
