0.0103904
0.00989868
0.00960658
0.00940595
0.00940163
0.00931033
0.00932212
0.00915761
0.00913611
0.00893324
0.00890232
0.00869398
0.00865472
0.00842295
0.00834977
0.00808925
0.00798504
0.00771058
0.00758949
0.00731711
0.00718976
0.00693161
0.00680591
0.00656985
0.00644997
0.00624007
0.00612896
0.00594732
0.00584562
0.00569127
0.00559755
0.00546769
0.00538084
0.00527271
0.00519054
0.00510065
0.00502464
0.00494655
0.00487573
0.00480622
0.00474078
0.00467733
0.00461628
0.00455787
0.00450128
0.00444583
0.00439245
0.00434118
0.00429059
0.00424091
0.00419268
0.0041458
0.00410005
0.00405462
0.00401
0.00396647
0.00392372
0.00388212
0.00384076
0.0038
0.00376031
0.00372161
0.00368357
0.00364569
0.00360842
0.00357198
0.00353666
0.00350137
0.0034665
0.00343222
0.0033991
0.00336619
0.0033338
0.00330213
0.00327136
0.00324151
0.00321127
0.00318332
0.00315494
0.00312861
0.00310393
0.00308088
0.00305867
0.00303708
0.00301727
0.00299764
0.00297953
0.00296248
0.00294511
0.00292974
0.00291425
0.00289931
0.0028852
0.00287165
0.00285871
0.00284669
0.00283455
0.0028227
0.00281245
0.00280142
0.00279143
0.00278187
0.00277255
0.00276335
0.00275506
0.00274607
0.00273828
0.00273142
0.00272354
0.00271592
0.00271057
0.00270303
0.00269646
0.00269108
0.00268499
0.00267905
0.00267423
0.00266824
0.00266415
0.00265897
0.00265396
0.00264944
0.00264614
0.002641
0.00263661
0.00263367
0.00263
0.00262557
0.00262288
0.00261918
0.00261596
0.00261313
0.00260944
0.00260608
0.00260468
0.00260112
0.00259799
0.00259518
0.002593
0.00259158
0.00258814
0.0025864
0.00258402
0.00258098
0.00258001
0.00257749
0.00257543
0.00257332
0.00257219
0.0025698
