0.161136
0.126539
0.121116
0.11848
0.116882
0.116866
0.113495
0.113941
0.109079
0.109578
0.103947
0.104721
0.0985534
0.0993632
0.0930286
0.0941719
0.0878903
0.0893415
0.0832737
0.0848589
0.0789674
0.0804722
0.0749033
0.0761787
0.0709276
0.0718424
0.067076
0.0675741
0.0633358
0.0633789
0.0595883
0.0591162
0.0559693
0.0548393
0.0523155
0.0510333
0.0488395
0.0472559
0.0454178
0.0438383
0.0421905
0.0405252
0.0389925
0.0375944
0.0360555
0.0346155
0.0333523
0.0320553
0.0305944
0.0293978
0.0282855
0.0272468
0.0261172
0.0249612
0.023998
0.0231619
0.0222645
0.0214145
0.0204164
0.0195631
0.0188755
0.0181174
0.0172551
0.0163606
0.015766
0.0151675
0.0145936
0.0137661
0.01308
0.012524
0.0120881
0.0115843
0.0110644
0.0106537
0.0101633
0.0097807
0.00918494
0.00901937
0.0087635
0.00879058
0.00874292
0.00873232
0.00871506
0.00864296
0.00865981
0.00862051
0.00862896
0.00864249
0.00851254
0.00858787
0.00850154
0.00848551
0.00843624
0.00844773
0.00843689
0.00842189
0.00837354
0.00834002
0.00836039
0.00826466
0.00830537
0.00827722
0.00824632
0.00823227
0.00818025
0.00813365
0.00817831
0.00820718
0.00808222
0.00806896
0.00815309
0.00799077
0.00802302
0.00806768
0.00798557
0.00797356
0.00798048
0.00788049
0.00797522
0.0078941
0.00783823
0.00787623
0.00788378
0.00777027
0.00776464
0.0078518
0.00778866
0.00771768
0.00776545
0.00770528
0.00768905
0.00770177
0.0076351
0.00761874
0.00772555
0.00757006
0.00754776
0.00753633
0.00758458
0.0076146
0.00747337
0.00756076
0.0074755
0.00740559
0.00749825
0.00745285
0.0074196
0.00742321
0.00744533
0.00736588
