0.163994
0.45507
0.476466
0.482947
0.485355
0.487424
0.487912
0.488953
0.488953
0.489512
0.489049
0.489727
0.489007
0.48964
0.489101
0.489832
0.489295
0.49003
0.489681
0.490409
0.490267
0.490719
0.490777
0.491031
0.491151
0.491394
0.491537
0.491586
0.492083
0.491783
0.492139
0.492175
0.492674
0.492198
0.493132
0.492416
0.49366
0.492624
0.494289
0.492832
0.494738
0.49328
0.494961
0.493691
0.495235
0.493915
0.49547
0.493944
0.495761
0.494129
0.495706
0.494276
0.495759
0.494487
0.495775
0.494457
0.495907
0.494484
0.495945
0.494601
0.495865
0.49479
0.495703
0.494926
0.495825
0.494857
0.495949
0.494864
0.495942
0.494885
0.496067
0.494841
0.496106
0.494839
0.496146
0.4949
0.496086
0.495138
0.496016
0.495308
0.495911
0.495526
0.495874
0.495673
0.495817
0.49576
0.495994
0.495785
0.496035
0.495832
0.496249
0.49577
0.496406
0.495789
0.496536
0.495818
0.496491
0.495943
0.496589
0.495932
0.496548
0.496059
0.496649
0.496027
0.496576
0.496179
0.496593
0.496163
0.496583
0.496256
0.496651
0.496179
0.496656
0.496248
0.496816
0.496067
0.496878
0.496262
0.496815
0.496433
0.496673
0.496569
0.496803
0.496582
0.49665
0.496774
0.496813
0.496723
0.496763
0.496858
0.496918
0.496764
0.496956
0.496795
0.497152
0.49673
0.497114
0.496902
0.497142
0.496947
0.497063
0.49705
0.497147
0.497085
0.497027
0.497176
0.497169
0.497103
0.497135
0.497139
0.497303
0.497082
0.497249
0.497051
0.497457
0.497024
0.497305
0.497176
0.497379
0.497237
0.497202
0.497379
0.497323
0.497292
0.497288
0.497223
0.497582
0.497075
0.497582
0.497009
0.497874
0.496923
0.497697
0.497058
0.497757
