0.0307676
0.0190688
0.00786962
0.00784297
0.00849406
0.00896815
0.00960113
0.0100578
0.0104625
0.0109333
0.0113767
0.0116718
0.0120962
0.0123955
0.0126775
0.0128532
0.0131604
0.0132983
0.0135558
0.0135915
0.0137716
0.0139779
0.0140479
0.0142781
0.0143268
0.0144857
0.0144974
0.0147276
0.0144444
0.0149376
0.01489
0.0150647
0.0148929
0.0154297
0.0150217
0.015617
0.015084
0.0158296
0.0150421
0.0159995
0.0151204
0.0159919
0.0152935
0.0159788
0.0153317
0.0160723
0.0154101
0.0162542
0.0153454
0.0162143
0.0155624
0.0162508
0.0156179
0.0161642
0.0156786
0.016301
0.0156592
0.0163488
0.0156843
0.0162965
0.0157967
0.0162282
0.0159353
0.0161838
0.0158272
0.0163355
0.0158224
0.0163693
0.015891
0.0164085
0.015857
0.0164788
0.0158892
0.0165355
0.0159396
0.0165481
0.0160261
0.0164309
0.0161561
0.016422
0.0162698
0.0163417
0.0163173
0.0163608
0.0164067
0.0163892
0.0163144
0.0164596
0.0163846
0.0164893
0.0162768
0.0165983
0.0162531
0.0165839
0.0162109
0.016612
0.0163112
0.0165343
0.016242
0.0166071
0.0163298
0.0165156
0.0162357
0.0165979
0.016341
0.016498
0.0163042
0.016558
0.0163295
0.0164944
0.0162799
0.0166013
0.0163195
0.0165372
0.0162293
0.0167249
0.0162542
0.0165729
0.0163276
0.0165051
0.0164409
0.0164533
0.0163569
0.0164963
0.016489
0.0163948
0.016343
0.0164828
0.0164047
0.0164067
0.0163122
0.0164943
0.0163022
0.0164594
0.0161924
0.0165135
0.0162389
0.0163864
0.0162424
0.0163817
0.016273
0.0163157
0.0162161
0.0163056
0.0162796
0.0162652
0.0161732
0.0163141
0.0161705
0.0162791
0.0160783
0.0162914
0.0161198
0.0163059
0.0159948
0.0162743
0.0160789
0.0161928
0.0160308
0.0161385
0.0161029
0.0160504
0.0160101
0.0161243
0.0160393
0.0161874
0.015787
0.0162224
0.0158021
0.01627
0.0155697
0.0162235
0.0157835
0.016148
0.0157304
