2.5279
1.63902
1.17402
1.10942
1.07121
1.03974
1.01127
0.986541
0.962418
0.939406
0.91701
0.895958
0.875463
0.855771
0.836872
0.819169
0.802256
0.786617
0.771789
0.758834
0.745346
0.732966
0.722237
0.712618
0.703354
0.694622
0.686251
0.679962
0.673456
0.666735
0.661476
0.657834
0.654217
0.6508
0.6481
0.645303
0.643698
0.641281
0.640071
0.638875
0.63727
0.636084
0.634858
0.634822
0.634515
0.634346
0.635619
0.637198
0.638072
0.638199
0.638026
0.637291
0.636956
0.63652
0.636372
0.636752
0.636995
0.637381
0.637401
0.637233
0.637345
0.637443
0.638279
0.63871
0.638803
0.639035
0.639571
0.639378
0.639514
0.639898
0.640338
0.641246
0.641834
0.642337
0.643149
0.643764
0.644619
0.645481
0.646901
0.647868
0.648988
0.650123
0.650107
0.649899
0.649562
0.649219
0.648884
0.648534
0.6482
0.647848
0.647494
0.647157
0.646825
0.646488
0.646162
0.645838
0.64551
0.645194
0.644892
0.644594
