0.0629113
0.036463
0.00822356
0.00545953
0.00565571
0.0061351
0.00678519
0.00773534
0.00860106
0.00937406
0.0100673
0.0107723
0.0114412
0.01209
0.0127033
0.01335
0.013987
0.0146171
0.0152239
0.0159041
0.0164533
0.0169851
0.0175637
0.0181688
0.0187338
0.0192511
0.0197264
0.0203006
0.0208209
0.0212271
0.0216774
0.0222162
0.0227062
0.0231516
0.0236019
0.024002
0.0244528
0.0248015
0.0251925
0.0255663
0.0258852
0.0262173
0.0265196
0.0268742
0.027183
0.0274706
0.0278141
0.0281631
0.0284469
0.0286678