0.142946
0.222692
0.232349
0.246402
0.237921
0.252544
0.241628
0.257483
0.246625
0.262725
0.250996
0.267422
0.256145
0.272456
0.260593
0.277164
0.265322
0.281842
0.270061
0.286638
0.274851
0.291372
0.27962
0.296186
0.284392
0.301027
0.28943
0.305954
0.29464
0.310946
0.29986
0.315972
0.305205
0.320786
0.310299
0.326114
0.315605
0.330461
0.320465
0.336216
0.325557
0.339838
0.330666
0.345339
0.33575
0.34846
0.341033
0.35351
0.345702
0.356874
0.3504
0.361622
0.354755
0.365338
0.358954
0.368858
0.363405
0.372578
0.36796
0.376669
0.371751
0.380251
0.376128
0.384241
0.37957
0.386582
0.383514
0.388882
0.387511
0.391794
0.389769
0.393921
0.393777
0.395311
0.395322
0.399564
0.397765
0.401316
0.398664
0.399821
0.398689
0.40113
0.400076
0.401417
0.400233
0.400511
0.400731
0.401426
0.399494
0.400735
0.400184
0.400122
0.400299
0.400194
0.399333
0.401285
0.399821
0.401123
0.399314
0.401354
0.399007
0.402318
0.39977
0.399757
0.400674
0.401157
0.399366
0.401232
0.401145
0.400438
0.400787
0.400394
0.399436
0.4016
0.400539
0.399746
0.400886
0.401078
0.400401
0.401215
0.400491
0.400909
0.400875
0.400665
0.399102
0.402196
0.4003
0.400497
0.3996
0.401159
0.40023
0.400146
0.399686
0.401164
0.399707
0.400422
0.400278
0.401797
0.400437
0.400464
0.399288
0.401241
0.399982
0.401071
0.399741
0.400412
0.399815
0.401059
0.399038
0.401061
0.401266
0.399754
0.400283
0.399965
0.400357
0.401071
0.400689
0.400021
0.399908
0.400356
0.399299
0.401153
0.400782
0.400287
0.400166
0.400265
0.398941
0.401677
0.400823
0.399411
0.400068
0.400832
0.399433
0.402142
0.400418
