0.0174933
0.0571797
0.0577558
0.0687883
0.0548106
0.0702559
0.0518607
0.0687101
0.0507103
0.0683178
0.048777
0.0667603
0.0475655
0.0656214
0.0458284
0.063919
0.0445785
0.0622403
0.043179
0.0604808
0.041894
0.058698
0.0406128
0.0568662
0.0393133
0.0549759
0.0381023
0.0530882
0.0367474
0.0511949
0.0355497
0.0492756
0.0340886
0.0473509
0.0330763
0.0453902
0.0311809
0.0435499
0.030812
0.0415114
0.0285052
0.0398242
0.0285535
0.0377629
0.0262305
0.035967
0.0261178
0.033716
0.0243104
0.0320593
0.0236063
0.0303201
0.0218337
0.0286517
0.0206625
0.0270685
0.0193093
0.0254648
0.0184539
0.0237569
0.0172124
0.0217928
0.0170608
0.02029
0.0159781
0.0185872
0.0155088
0.017013
0.0147346
0.0158111
0.0143478
0.014756
0.0143
0.0133801
0.0128964
0.0128929
0.0126381
0.0119798
0.0119297
0.0111231
0.011767
0.0119117
0.0121757
0.0118332
0.0117373
0.0110299
0.0115459
0.011441
0.0114594
0.0107412
0.0113867
0.0112315
0.011487
0.0111679
0.0108894
0.0110808
0.0116554
0.0111195
0.010666
0.0105797
0.0115733
0.0112364
0.011094
0.0108493
0.0110105
0.0107609
0.011354
0.0107981
0.0108358
0.0114207
0.0111111
0.0102419
0.0112494
0.0116326
0.0107465
0.0105472
0.0108004
0.0106583
0.0112626
0.0113879
0.0105375
0.0108526
0.0111391
0.0102169
0.0103659
0.0111158
0.0111698
0.0109593
0.0106376
0.0102722
0.00958752
0.0103031
0.010872
0.0106706
0.0108069
0.0105138
0.0106518
0.0109112
0.0108203
0.0107006
0.0106402
0.0101803
0.0109884
0.0104491
0.0101849
0.0103898
0.0106724
0.0101124
0.0108815
0.0105094
0.0104389
0.0110004
0.0105076
0.0093906
0.0104473
0.0112148
0.0106507
0.0104665
0.0105373
0.0100766
0.01057
0.0107846
0.0103137
0.0106779
0.0103524
0.00997466
0.0104937
0.0106019
0.0105502
0.0104386
0.00981179
0.00961224
0.0108474
0.010949
0.0103325
