1.54863
1.87802
1.81038
1.90944
1.53317
1.8136
1.35879
1.69548
1.28144
1.64545
1.20317
1.5723
1.15551
1.52346
1.10576
1.46541
1.07235
1.41204
1.0381
1.35886
1.00804
1.30706
0.979094
1.25563
0.950446
1.20438
0.924235
1.15466
0.895274
1.10597
0.869721
1.05746
0.838519
1.01018
0.816663
0.962222
0.777162
0.919366
0.767374
0.871296
0.720761
0.834452
0.717422
0.78848
0.671676
0.752544
0.664525
0.706726
0.629045
0.67605
0.612291
0.641926
0.578748
0.610771
0.554006
0.583558
0.527666
0.555837
0.507976
0.526782
0.484675
0.498423
0.472644
0.472508
0.449828
0.450503
0.434703
0.43116
0.418025
0.409774
0.407849
0.401848
0.399645
0.381673
0.385641
0.373035
0.375263
0.356578
0.360059
0.34753
0.356734
0.352103
0.357803
0.346296
0.349006
0.341625
0.353173
0.338669
0.344306
0.332367
0.347256
0.338271
0.342101
0.332751
0.337843
0.334978
0.343725
0.329161
0.334158
0.329616
0.343262
0.327295
0.332271
0.327917
0.336003
0.323876
0.336774
0.324778
0.33046
0.329758
0.328903
0.316441
0.339143
0.32863
0.322606
0.319232
0.327101
0.318475
0.329106
0.322995
0.319986
0.323298
0.325843
0.311928
0.3205
0.32189
0.324346
0.318341
0.319558
0.3122
0.308909
0.309511
0.3217
0.31087
0.318044
0.309127
0.321039
0.31373
0.317709
0.310476
0.318848
0.314316
0.322285
0.307174
0.316166
0.316584
0.319313
0.30683
0.318373
0.30968
0.314744
0.315596
0.313036
0.300536
0.315955
0.312434
0.311484
0.306192
0.31598
0.302415
0.312612
0.306978
0.312517
0.310198
0.307733
0.299797
0.312983
0.309914
0.308198
0.306482
0.303156
0.300633
0.315087
0.307533
0.305556
