7.53931
4.75381
4.43955
4.34299
4.37054
4.3624
4.35352
4.3515
4.22611
4.16092
3.94406
3.88981
3.60611
3.56636
3.23306
3.21844
2.87352
2.88907
2.57867
2.62815
2.34655
2.41109
2.15909
2.22246
1.99155
2.04637
1.84002
1.8755
1.69708
1.71152
1.56056
1.55238
1.44014
1.412
1.32238
1.28453
1.22145
1.17536
1.1248
1.08715
1.04267
1.00185
0.969564
0.937323
0.902595
0.873598
0.848247
0.822908
0.795174
0.773271
0.755039
0.736965
0.716515
0.696497
0.683075
0.670121
0.654994
0.6392
0.62716
0.614973
0.604006
0.591643
0.579179
0.569444
0.561495
0.55402
0.546027
0.536964
0.528845
0.52323
0.51624
0.509486
0.503028
0.495565
0.488927
0.483717
0.478923
0.474575
0.472285
0.47022
0.46816
0.466025
0.464297
0.462511
0.460673
0.458954
0.457603
0.456008
0.454603
0.453223
0.451768
0.450389
0.449375
0.44811
0.446934
0.445768
0.444739
0.443759
0.442697
0.441664
0.440764
0.439858
0.438774
0.438227
0.437009
0.436274
0.435566
0.434736
0.433934
0.433257
0.4323
0.431906
0.430985
0.430458
0.429711
0.429184
0.42829
0.427864
0.427136
0.426603
0.425859
0.425537
0.424736
0.424199
0.4237
0.42317
0.422529
0.421986
0.421521
0.420818
0.420272
0.419953
0.419267
0.418887
0.418367
0.417922
0.417236
0.417095
0.416383
0.416034
0.415669
0.415108
0.414595
0.414311
0.413776
0.413386
0.413005
0.412585
0.411989
0.411874
