0.091081
0.194074
0.213772
0.226059
0.232152
0.236751
0.239596
0.242987
0.245356
0.248723
0.251244
0.254541
0.257344
0.260773
0.263687
0.266797
0.269576
0.272561
0.275769
0.279013
0.282655
0.285713
0.289639
0.292695
0.296599
0.299509
0.303394
0.306012
0.310061
0.31268
0.316408
0.319334
0.32261
0.32512
0.328278
0.330895
0.333647
0.33639
0.339296
0.341647
0.344017
0.0913653
0.193375
0.212366
0.224839
0.231714
0.0913653
0.193375
0.212366
0.224839
0.231714
0.0913653
0.193375
0.212366
0.224839
0.231714
0.23761
0.240341
0.243847
0.246361
0.249583
0.252341
0.255348
0.0913653
0.193375
0.212366
0.224839
0.231714
0.23761
0.240341
0.243847
0.246361
0.249583
0.252341
0.255348
0.258165
0.260952
0.263975
0.266559
0.269635
0.272044
0.275188
0.277467
0.28066
0.282812
0.286044
0.288194
0.291683
0.293961
0.297506
0.29982
0.303263
0.305454
0.308851
0.31129
0.314317
0.316896
0.319934
0.322187
0.324743
0.32717
0.329642
0.332036
0.334502
0.336932
0.339219
0.341282
0.343553
0.345848
0.347948
0.350051
0.352271
0.354452
0.356301
0.35803
0.360102
0.362069
0.363742
0.36516
0.366886
0.368904
0.370488
0.372147
0.373616
0.375354
0.377171
0.378517
0.37973
0.381197
0.382424
0.384406
0.385661
0.386819
0.387973
0.389032
0.390044
0.391187
0.392484
0.393718
0.394819
0.395389
0.0912363
0.193501
0.21279
0.225402
0.232517
0.237983
0.240614
0.244174
0.246642
0.25004
0.252732
0.255829
0.258767
0.261678
0.264722
0.26747
0.270572
0.273209
0.27643
0.278968
0.282313
0.284767
0.28825
0.290731
0.294445
0.296979
0.300774
0.303283
0.306898
0.309543
0.313156
0.315668
0.319264
0.321814
0.324704
0.327271
0.330085
0.332616
0.335315
0.337977
0.340517
0.342722
0.345187
0.347746
0.349951
0.352261
0.354672
0.356966
0.358916
0.360861
0.363155
0.365235
0.366845
0.368558
0.370415
0.372657
0.374286
0.376014
0.377668
0.37963
0.381366
0.38272
0.384174
0.385569
0.387515
0.389084
0.390455
0.391665
0.392765
0.39401
0.395099
0.396538
0.398019
0.39903
0.4001
0.400989
0.402136
0.403375
0.403351
0.403437
0.403423
0.403495
0.403482
0.403537
0.403503
0.403526
0.403502
0.0912363
0.193501
0.21279
0.225402
0.232517
0.237983
0.240614
0.244174
0.246642
0.25004
0.252732
0.255829
0.258767
0.261678
0.264722
0.26747
0.270572
0.273209
0.27643
0.278968
0.282313
0.284767
0.28825
0.290731
0.294445
0.296979
0.300774
0.303283
0.306898
0.309543
0.313156
0.315668
0.319264
0.321814
0.324704
0.327271
0.330085
0.332616
0.335315
0.337977
0.340517
0.342722
0.345187
0.347746
0.349951
0.352261
0.354672
0.356966
0.358916
0.360861
0.363155
0.365235
0.366845
0.368558
0.370415
0.372657
0.374286
0.376014
0.377668
0.37963
0.381366
0.38272
0.384174
0.385569
0.387515
0.389084
0.390455
0.391665
0.392765
0.39401
0.395099
0.396538
0.398019
0.39903
0.4001
0.400989
0.402136
0.403375
0.403351
0.403437
0.403423
0.403495
0.403482
0.403537
0.405471
0.394427
0.38257
0.380029
0.378318
0.376571
0.376351
0.375606
0.375461
0.374954
0.0912363
0.193501
0.21279
0.225402
0.232517
0.237983
0.240614
0.244174
0.246642
0.25004
0.252732
0.255829
0.258767
0.261678
0.264722
0.26747
0.270572
0.273209
0.27643
0.278968
0.282313
0.284767
0.28825
0.290731
0.294445
0.296979
0.300774
0.303283
0.306898
0.309543
0.313156
0.315668
0.319264
0.321814
0.324704
0.327271
0.330085
0.332616
0.335315
0.337977
0.340517
0.342722
0.345187
0.347746
0.349951
0.352261
0.354672
0.356966
0.358916
0.360861
0.363155
0.365235
0.366845
0.368558
0.370415
0.372657
0.374286
0.376014
0.377668
0.37963
0.381366
0.38272
0.384174
0.385569
0.387515
0.389084
0.390455
0.391665
0.392765
0.39401
0.395099
0.396538
0.398019
0.39903
0.4001
0.400989
0.402136
0.403375
0.403351
0.403437
0.403423
0.403495
0.403482
0.403537
0.403503
0.403526
0.403502
0.403527
0.40352
0.403552
0.403486
0.403484
0.403483
0.403515
0.403422
0.4035
0.403354
0.403423
0.403338
0.403302
0.403255
0.403227
0.403175
0.403126
0.405121
0.392219
0.378999
0.376465
0.374688
0.372882
0.373229
0.371745
0.372263
0.371243
0.371634
0.370888
0.371135
0.0912363
0.193501
0.21279
0.225402
0.232517
0.237983
0.240614
0.244174
0.246642
0.25004
0.252732
0.255829
0.258767
0.261678
0.264722
0.26747
0.270572
0.273209
0.27643
0.278968
0.282313
0.284767
0.28825
0.290731
0.294445
0.296979
0.300774
0.303283
0.306898
0.309543
0.313156
0.315668
0.319264
0.321814
0.324704
0.327271
0.330085
0.332616
0.335315
0.337977
0.340517
0.342722
0.345187
0.347746
0.349951
0.352261
0.354672
0.356966
0.358916
0.360861
0.363155
0.365235
0.366845
0.368558
0.370415
0.372657
0.374286
0.376014
0.377668
0.37963
0.381366
0.38272
0.384174
0.385569
0.387515
0.389084
0.390455
0.391665
0.392765
0.39401
0.395099
0.396538
0.398019
0.39903
0.4001
0.400989
0.402136
0.403375
0.403351
0.403437
0.403423
0.403495
0.403482
0.403537
0.403503
0.403526
0.403502
0.403527
0.40352
0.403552
0.403486
0.403484
0.403483
0.403515
0.403422
0.4035
0.405505
0.393584
0.38118
0.378656
0.376883
0.374951
0.374951
0.373428
0.373924
0.372968
0.3731
0.372478
0.372659
0.37226
0.0912363
0.193501
0.21279
0.225402
0.232517
0.237983
0.240614
0.244174
0.246642
0.25004
0.252732
0.255829
0.258767
0.261678
0.264722
0.26747
0.270572
0.273209
0.27643
0.278968
0.282313
0.284767
0.28825
0.290731
0.294445
0.296979
0.300774
0.303283
0.306898
0.309543
0.313156
0.315668
0.319264
0.321814
0.324704
0.327271
0.330085
0.332616
0.335315
0.337977
0.340517
0.342722
0.345187
0.347746
0.349951
0.352261
0.354672
0.356966
0.358916
0.360861
0.363155
0.365235
0.366845
0.368558
0.370415
0.372657
0.374286
0.376014
0.377668
0.37963
0.381366
0.38272
0.384174
0.385569
0.387515
0.389084
0.390455
0.391665
0.392765
0.39401
0.395099
0.396538
0.398019
0.39903
0.4001
0.400989
0.402136
0.403375
0.403351
0.403437
0.403423
0.403495
0.403482
0.403537
0.403503
0.403526
0.403502
0.403527
0.40352
0.403552
0.403486
0.403484
0.403483
0.403515
0.403413
0.403405
0.403154
0.40304
0.402888
0.402639
0.402581
0.402348
0.402258
0.401989
0.401915
0.401692
0.401568
0.401358
0.401204
0.40107
0.400974
0.400709
0.400648
0.400468
0.400348
0.40021
0.400115
0.399908
0.399821
0.399675
0.39955
0.399398
0.399337
0.399249
0.399127
0.399004
0.398972
0.398791
0.398749
0.39862
0.39846
0.398534
0.398407
0.398217
0.398319
0.39824
0.398081
0.398149
0.398016
0.397908
0.398032
0.397907
0.397759
0.397873
0.397755
0.397711
0.397676
0.397702
0.397592
0.397635
0.0912363
0.193501
0.21279
0.225402
0.232517
0.237983
0.240614
0.244174
0.246642
0.25004
0.252732
0.255829
0.258767
0.261678
0.264722
0.26747
0.270572
0.273209
0.27643
0.278968
0.282313
0.284767
0.28825
0.290731
0.294445
0.296979
0.300774
0.303283
0.306898
0.309543
0.313156
0.315668
0.319264
0.321814
0.324704
0.327271
0.330085
0.332616
0.335315
0.337977
0.340517
0.342722
0.345187
0.347746
0.349951
0.352261
0.354672
0.356966
0.358916
0.360861
0.363155
0.365235
0.366845
0.368558
0.370415
0.372657
0.374286
0.376014
0.377668
0.37963
0.381366
0.38272
0.384174
0.385569
0.387515
0.389084
0.390455
0.391665
0.392765
0.39401
0.395099
0.396538
0.398019
0.39903
0.4001
0.400989
0.402136
0.403375
0.403351
0.403437
0.403423
0.403495
0.403482
0.403537
0.403503
0.403526
0.403502
0.403527
0.40352
0.403552
0.403486
0.403484
0.403483
0.403515
0.403858
0.402782
0.401177
0.399717
0.398272
0.396963
0.395957
0.39505
0.394265
0.393543
0.392778
0.392516
0.391914
0.391624
0.391233
0.390899
0.390674
0.39044
0.390197
0.390061
0.389816
0.389684
0.389528
0.389354
0.389294
0.389209
0.389115
0.389033
0.388939
0.388911
0.388874
0.388815
0.388755
0.388751
0.388687
0.388694
0.388636
0.388602
0.388619
0.388591
0.388524
0.388577
0.388505
0.388529
0.388501
0.38853
0.388388
0.388472
0.388424
0.388466
0.388425
0.388445
0.38847
0.388406
0.388425
0.388451
