8.29334
5.42209
5.03278
4.92963
4.93676
5.02506
4.94843
4.89319
4.70431
4.65909
4.44131
4.41757
4.17768
4.16638
3.91649
3.92876
3.67281
3.69844
3.41889
3.4477
3.15078
3.19871
2.9012
2.9542
2.67567
2.72805
2.47788
2.52408
2.30482
2.32687
2.15731
2.14442
2.02459
1.9982
1.91066
1.86947
1.8077
1.76014
1.70557
1.66431
1.62377
7.51045
4.8125
4.43742
4.24572
4.24719
7.51045
4.8125
4.43742
4.24572
4.24719
7.51045
4.8125
4.43742
4.24572
4.24719
4.24383
4.18926
4.22275
4.09632
4.13349
3.91526
3.90611
7.51045
4.8125
4.43742
4.24572
4.24719
4.24383
4.18926
4.22275
4.09632
4.13349
3.91526
3.90611
3.59604
3.59446
3.25343
3.26436
2.9312
2.96114
2.64859
2.69442
2.40104
2.45546
2.18274
2.23474
1.9796
2.01763
1.7898
1.8123
1.61977
1.62876
1.47118
1.45587
1.33859
1.30475
1.21309
1.17537
1.11216
1.06835
1.01773
0.975261
0.931823
0.891964
0.85546
0.824356
0.792236
0.760963
0.733542
0.707754
0.681909
0.657124
0.636816
0.619
0.598905
0.580292
0.564841
0.552452
0.538411
0.522259
0.509638
0.497251
0.4867
0.475065
0.462926
0.453939
0.446236
0.437456
0.430299
0.419546
0.412131
0.405686
0.399442
0.393789
0.388512
0.38288
0.376899
0.371505
0.366313
0.362361
7.77529
5.04709
4.64987
4.49451
4.48451
4.51785
4.4622
4.54096
4.43177
4.46772
4.19353
4.2091
3.88526
3.911
3.58835
3.63021
3.32107
3.37778
3.07703
3.1449
2.85131
2.92586
2.6432
2.71523
2.44763
2.50747
2.26672
2.31041
2.10956
2.12839
1.96594
1.96342
1.83824
1.8137
1.73234
1.69599
1.63496
1.59447
1.54622
1.50418
1.4639
1.43134
1.39668
1.36174
1.33283
1.30418
1.27538
1.24854
1.22634
1.20549
1.18183
1.16052
1.14415
1.12772
1.11085
1.09057
1.07546
1.06025
1.04607
1.03004
1.01544
1.00349
0.991269
0.979595
0.965139
0.952482
0.940865
0.930175
0.920117
0.909445
0.899544
0.888451
0.876961
0.867205
0.857063
0.847723
0.837676
0.826499
0.818786
0.811242
0.803994
0.796668
0.78958
0.782323
0.775344
0.768311
0.761329
7.77529
5.04709
4.64987
4.49451
4.48451
4.51785
4.4622
4.54096
4.43177
4.46772
4.19353
4.2091
3.88526
3.911
3.58835
3.63021
3.32107
3.37778
3.07703
3.1449
2.85131
2.92586
2.6432
2.71523
2.44763
2.50747
2.26672
2.31041
2.10956
2.12839
1.96594
1.96342
1.83824
1.8137
1.73234
1.69599
1.63496
1.59447
1.54622
1.50418
1.4639
1.43134
1.39668
1.36174
1.33283
1.30418
1.27538
1.24854
1.22634
1.20549
1.18183
1.16052
1.14415
1.12772
1.11085
1.09057
1.07546
1.06025
1.04607
1.03004
1.01544
1.00349
0.991269
0.979595
0.965139
0.952482
0.940865
0.930175
0.920117
0.909445
0.899544
0.888451
0.876961
0.867205
0.857063
0.847723
0.837676
0.826499
0.818786
0.811242
0.803994
0.796668
0.78958
0.782323
0.254228
0.177544
0.171039
0.18078
0.198527
0.222915
0.242764
0.263085
0.280171
0.297329
7.77529
5.04709
4.64987
4.49451
4.48451
4.51785
4.4622
4.54096
4.43177
4.46772
4.19353
4.2091
3.88526
3.911
3.58835
3.63021
3.32107
3.37778
3.07703
3.1449
2.85131
2.92586
2.6432
2.71523
2.44763
2.50747
2.26672
2.31041
2.10956
2.12839
1.96594
1.96342
1.83824
1.8137
1.73234
1.69599
1.63496
1.59447
1.54622
1.50418
1.4639
1.43134
1.39668
1.36174
1.33283
1.30418
1.27538
1.24854
1.22634
1.20549
1.18183
1.16052
1.14415
1.12772
1.11085
1.09057
1.07546
1.06025
1.04607
1.03004
1.01544
1.00349
0.991269
0.979595
0.965139
0.952482
0.940865
0.930175
0.920117
0.909445
0.899544
0.888451
0.876961
0.867205
0.857063
0.847723
0.837676
0.826499
0.818786
0.811242
0.803994
0.796668
0.78958
0.782323
0.775344
0.768311
0.761329
0.754321
0.747327
0.740235
0.733434
0.726547
0.719575
0.712512
0.705897
0.698733
0.692321
0.685287
0.678772
0.672162
0.665701
0.659216
0.652938
0.646705
0.171683
0.10232
0.102887
0.115719
0.133638
0.157298
0.17288
0.194814
0.208402
0.226288
0.237427
0.251845
0.261298
7.77529
5.04709
4.64987
4.49451
4.48451
4.51785
4.4622
4.54096
4.43177
4.46772
4.19353
4.2091
3.88526
3.911
3.58835
3.63021
3.32107
3.37778
3.07703
3.1449
2.85131
2.92586
2.6432
2.71523
2.44763
2.50747
2.26672
2.31041
2.10956
2.12839
1.96594
1.96342
1.83824
1.8137
1.73234
1.69599
1.63496
1.59447
1.54622
1.50418
1.4639
1.43134
1.39668
1.36174
1.33283
1.30418
1.27538
1.24854
1.22634
1.20549
1.18183
1.16052
1.14415
1.12772
1.11085
1.09057
1.07546
1.06025
1.04607
1.03004
1.01544
1.00349
0.991269
0.979595
0.965139
0.952482
0.940865
0.930175
0.920117
0.909445
0.899544
0.888451
0.876961
0.867205
0.857063
0.847723
0.837676
0.826499
0.818786
0.811242
0.803994
0.796668
0.78958
0.782323
0.775344
0.768311
0.761329
0.754321
0.747327
0.740235
0.733434
0.726547
0.719575
0.712512
0.705897
0.698733
0.202758
0.126162
0.118222
0.125619
0.14137
0.164526
0.181847
0.204685
0.218881
0.236626
0.249689
0.26405
0.274116
0.285023
7.77529
5.04709
4.64987
4.49451
4.48451
4.51785
4.4622
4.54096
4.43177
4.46772
4.19353
4.2091
3.88526
3.911
3.58835
3.63021
3.32107
3.37778
3.07703
3.1449
2.85131
2.92586
2.6432
2.71523
2.44763
2.50747
2.26672
2.31041
2.10956
2.12839
1.96594
1.96342
1.83824
1.8137
1.73234
1.69599
1.63496
1.59447
1.54622
1.50418
1.4639
1.43134
1.39668
1.36174
1.33283
1.30418
1.27538
1.24854
1.22634
1.20549
1.18183
1.16052
1.14415
1.12772
1.11085
1.09057
1.07546
1.06025
1.04607
1.03004
1.01544
1.00349
0.991269
0.979595
0.965139
0.952482
0.940865
0.930175
0.920117
0.909445
0.899544
0.888451
0.876961
0.867205
0.857063
0.847723
0.837676
0.826499
0.818786
0.811242
0.803994
0.796668
0.78958
0.782323
0.775344
0.768311
0.761329
0.754321
0.747327
0.740235
0.733434
0.726547
0.719575
0.712512
0.391125
0.376915
0.363987
0.351296
0.339232
0.328097
0.316954
0.306852
0.29688
0.287968
0.279043
0.271002
0.263188
0.256073
0.249325
0.242867
0.236712
0.231467
0.226014
0.221251
0.216641
0.212407
0.208345
0.204882
0.201414
0.198284
0.195386
0.192864
0.190193
0.187781
0.185675
0.183822
0.181782
0.180395
0.178726
0.17745
0.176503
0.174786
0.173749
0.173264
0.171793
0.17087
0.170419
0.169282
0.168833
0.168498
0.167293
0.166939
0.166906
0.165909
0.165695
0.165377
0.165086
0.164508
0.164438
0.163931
7.77529
5.04709
4.64987
4.49451
4.48451
4.51785
4.4622
4.54096
4.43177
4.46772
4.19353
4.2091
3.88526
3.911
3.58835
3.63021
3.32107
3.37778
3.07703
3.1449
2.85131
2.92586
2.6432
2.71523
2.44763
2.50747
2.26672
2.31041
2.10956
2.12839
1.96594
1.96342
1.83824
1.8137
1.73234
1.69599
1.63496
1.59447
1.54622
1.50418
1.4639
1.43134
1.39668
1.36174
1.33283
1.30418
1.27538
1.24854
1.22634
1.20549
1.18183
1.16052
1.14415
1.12772
1.11085
1.09057
1.07546
1.06025
1.04607
1.03004
1.01544
1.00349
0.991269
0.979595
0.965139
0.952482
0.940865
0.930175
0.920117
0.909445
0.899544
0.888451
0.876961
0.867205
0.857063
0.847723
0.837676
0.826499
0.818786
0.811242
0.803994
0.796668
0.78958
0.782323
0.775344
0.768311
0.761329
0.754321
0.747327
0.740235
0.733434
0.726547
0.719575
0.712512
0.353969
0.310677
0.275141
0.245167
0.220486
0.200281
0.183179
0.169289
0.158125
0.149434
0.143173
0.137026
0.133466
0.130256
0.128397
0.127368
0.126604
0.126423
0.126754
0.127049
0.12799
0.128848
0.129863
0.131144
0.132037
0.133063
0.134119
0.135215
0.136344
0.137264
0.138118
0.139066
0.139989
0.140717
0.141571
0.142182
0.14294
0.143698
0.144112
0.144674
0.145407
0.145661
0.146294
0.146643
0.147068
0.147292
0.148201
0.148305
0.148739
0.148878
0.149223
0.14941
0.149442
0.149892
0.150023
0.150084
