0.202825
0.432194
0.457897
0.462876
0.464931
0.467812
0.468348
0.470446
0.470075
0.471659
0.470576
0.472001
0.470701
0.472129
0.470689
0.472186
0.470736
0.472352
0.470933
0.4727
0.471335
0.473265
0.471852
0.473711
0.472155
0.473886
0.472218
0.473882
0.47223
0.473849
0.472192
0.473777
0.472152
0.473722
0.47214
0.473722
0.472182
0.473758
0.472247
0.473812
0.472326
0.473887
0.472418
0.473974
0.472512
0.474086
0.472622
0.474208
0.472746
0.474348
0.472889
0.474518
0.473058
0.474751
0.473258
0.47495
0.473417
0.475107
0.473556
0.475249
0.473687
0.475381
0.47381
0.475506
0.473919
0.475625
0.474015
0.475732
0.474096
0.475829
0.474168
0.475922
0.474242
0.476008
0.474314
0.47609
0.474382
0.476166
0.474445
0.476233
0.474499
0.476291
0.474548
0.47635
0.474597
0.476404
0.47464
0.476456
0.474675
0.476498
0.474695
0.476516
0.474693
0.476521
0.474687
0.47652
0.474679
0.476532
