2.0209
1.42749
1.2834
1.14276
1.04348
0.929049
0.865041
0.777552
0.744917
0.679132
0.667233
0.616307
0.617134
0.575349
0.584498
0.548717
0.562192
0.527972
0.543599
0.510151
0.527397
0.494475
0.513916
0.482036
0.503298
0.473456
0.497167
0.468321
0.492434
0.4643
0.489279
0.462091
0.487104
0.460099
0.484666
0.457899
0.48184
0.455291
0.4788
0.452576
0.475632
0.449778
0.472551
0.447027
0.469403
0.444289
0.466419
0.441493
0.46331
0.438755
0.460314
0.43619
0.457492
0.433706
0.45475
0.430842
0.45163
0.427809
0.448397
0.424682
0.445077
0.42149
0.441634
0.418183
0.438054
0.414744
0.434465
0.411208
0.430808
0.407637
0.427143
0.403956
0.423352
0.400199
0.419457
0.396348
0.415383
0.392436
0.411324
0.388404
0.407041
0.384236
0.402635
0.379816
0.397978
0.375117
0.393032
0.370209
0.388094
0.365568
0.383784
0.361817
0.380461
0.35905
0.378078
0.357209
0.37649
0.35597
