0.0222719
0.0151124
0.0166241
0.0189348
0.0188412
0.0206563
0.0203624
0.0219251
0.0215344
0.0228568
0.0223606
0.0236072
0.0230769
0.0242535
0.0237233
0.0249004
0.0243493
0.0254064
0.0248536
0.025844
0.0253348
0.0262574
0.025809
0.0266388
0.0262314
0.0269724
0.0266411
0.0272755
0.0269421
0.0274657
0.0271585
0.0276105
0.0273112
0.0276864
0.0274016
0.0277422
0.0274591
0.0277705
0.0274985
0.0277895
0.0275246
0.0278035
0.0275508
0.0278136
0.0275623
0.0278282
0.027578
0.0278347
0.0275807
0.0278453
0.0275858
0.0278635
0.0275935
0.0278838
0.0275932
0.0278645
0.0275661
0.0278391
0.0275402
0.0278178
0.0275182
0.0278016
0.0274974
0.0277865
0.0274733
0.0277724
0.0274532
0.0277554
0.0274312
0.0277417
0.0274128
0.0277262
0.0273911
0.0277077
0.0273679
0.0276849
0.0273365
0.0276631
0.0273111
0.0276365
0.0272772
0.0276111
0.0272474
0.027586
0.0272182
0.0275598
0.0271889
0.0275408
0.0271695
0.0275312
0.0271616
0.0275294
0.0271625
0.0275329
0.0271654
0.0275344
0.0271658
0.0275336
