2.5628
1.65156
1.5451
1.48427
1.45583
1.47407
1.4667
1.49009
1.48101
1.50698
1.50255
1.53015
1.52738
1.55566
1.55031
1.58243
1.5715
1.59834
1.58383
1.61274
1.59584
1.62782
1.60677
1.63766
1.60731
1.63903
1.60461
1.64004
1.60266
1.63967
1.59833
1.63891
1.59712
1.63988
1.59628
1.64192
1.59731
1.64298
1.59835
1.64341
1.59509
1.63725
1.58857
1.62908
1.58197
1.62047
1.57546
1.61123
1.56901
1.60119
1.56233
1.59081
1.55492
1.58047
1.54668
1.57079
1.53889
1.5618
1.53143
1.55332
1.52454
1.54546
1.51817
1.53828
1.51236
1.53148
1.50692
1.52478
1.50126
1.51812
1.49547
1.51144
1.48951
1.50531
1.48403
1.49954
1.47901
1.49395
1.47388
1.48823
1.46895
1.48285
1.46425
1.47774
1.45946
1.47259
1.45478
1.46767
1.45032
1.46315
1.44592
1.45832
1.4415
1.45373
1.43724
1.44941
1.43345
1.44536
1.42987
1.44133
