0.155225
0.354826
0.430963
0.464226
0.474613
0.47534
0.475125
0.474266
0.47314
0.471894
0.470986
0.470857
0.471286
0.472634
0.473364
0.474217
0.475533
0.476332
0.47753
0.478247
0.478692
0.479115
0.479636
0.479972
0.480511
0.4808
0.481361
0.481613
0.482213
0.482428
0.483044
0.483249
0.483807
0.484034
0.484512
0.484794
0.485151
0.485503
0.485715
0.486166
0.486247
0.486772
0.486783
0.487338
0.487297
0.487827
0.487767
0.488246
0.488199
0.488613
0.488626
0.48896
0.489071
0.489307
0.4895
0.48962
0.489918
0.48989
0.490279
0.49014
0.490567
0.490393
0.490822
0.490649
0.491065
0.490904
0.491285
0.49115
0.491481
0.491387
0.491648
0.491619
0.491764
0.491811
0.491856
0.491968
0.491919
0.492142
0.49195
0.492285
0.492
0.492371
0.492065
0.492459
0.492147
0.492546
0.492251
0.492639
0.492368
0.492717
0.492509
0.492796
0.492685
0.492847
0.492863
0.492931
0.493023
0.492986
0.493208
0.493073
0.493384
0.493112
0.493517
0.493259
0.493647
0.493314
0.493768
0.493461
0.493897
0.49353
0.494011
0.493683
0.494117
0.493796
0.494198
0.493965
0.494258
0.494074
0.494303
0.494251
0.494316
0.494414
0.494322
0.49458
0.494355
0.494712
0.494377
0.494874
0.494429
0.494998
0.494489
0.495129
0.494607
0.495191
0.494752
0.495257
0.494906
0.495276
0.495042
0.495297
0.495247
0.495272
0.495396
0.49531
0.495541
0.495292
0.495676
0.495345
0.495804
0.495339
