1.98596
1.51296
1.23379
1.00444
0.795423
0.636179
0.511993
0.418808
0.352754
0.309599
0.284143
0.269471
0.26247
0.254148
0.249727
0.249847
0.249096
0.24958
0.248022
0.244969
0.242406
0.239908
0.236754
0.234386
0.231007
0.228745
0.225271
0.223131
0.219508
0.217528
0.213908
0.211906
0.208497
0.206189
0.202942
0.200103
0.197162
0.19368
0.191116
0.186903
0.184692
0.180046
0.177983
0.17322
0.171333
0.166833
0.165193
0.161174
0.159632
0.156048
0.154252
0.151144
0.148863
0.146187
0.143398
0.141214
0.137954
0.13669
0.13335
0.132906
0.129716
0.129464
0.126312
0.125948
0.122801
0.122244
0.119173
0.118337
0.115394
0.114253
0.111677
0.110267
0.108444
0.106745
0.105494
0.103673
0.103083
0.100818
0.101122
0.0986057
0.0996172
0.0973755
0.0985974
0.0963899
0.0976213
0.0954879
0.0966024
0.0945669
0.0955459
0.0937778
0.0944288
0.0929851
0.0931143
0.0923923
0.0918298
0.0915801
0.0907701
0.0910989
0.0894755
0.0902636
0.0883021
0.0898011
0.0873958
0.0886673
0.0865227
0.0881761
0.0856736
0.0870881
0.0847663
0.0865252
0.0839209
0.0854099
0.0831749
0.0846301
0.0824899
0.0833544
0.0819635
0.0826689
0.0815197
0.0814396
0.0813102
0.0804581
0.0809575
0.0794308
0.0806761
0.0787733
0.0803678
0.077862
0.0800651
0.0772884
0.0795937
0.0765516
0.0789723
0.0763287
0.0780368
0.0758542
0.0771545
0.0757429
0.0763787
0.0755479
0.0751705
0.0755435
0.074282
0.0750392
0.0735153
0.0751505
0.0728166
0.0746484
0.0721946
0.0747563
