0.155166
0.35563
0.42785
0.462216
0.471741
0.472118
0.472264
0.471087
0.469656
0.468406
0.46801
0.468858
0.470092
0.471104
0.47156
0.472917
0.474154
0.47519
0.476458
0.477527
0.47833
0.479317
0.479767
0.480579
0.481064
0.481779
0.482177
0.482778
0.48311
0.483646
0.483977
0.484472
0.484726
0.485213
0.485393
0.485904
0.485983
0.486536
0.486531
0.487098
0.487042
0.487617
0.487508
0.488061
0.487923
0.488445
0.48829
0.488785
0.488612
0.489084
0.488894
0.489365
0.48915
0.489599
0.489364
0.489799
0.489595
0.490026
0.489853
0.490258
0.490097
0.490458
0.490308
0.490614
0.4905
0.490763
0.490689
0.49092
0.490867
0.491071
0.491034
0.491213
0.491196
0.491351
0.491352
0.491482
0.491497
0.491596
0.491606
0.491701
0.491681
0.491801
0.491744
0.491892
0.491824
0.491985
0.491923
0.49209
0.492023
0.492205
0.492108
0.492314
0.49221
0.492414
0.492333
0.4925
0.492469
0.492623
0.492565
0.492751
0.492655
0.492856
0.492799
0.492914
0.492955
0.492972
0.493091
0.493129
0.493137
0.493237
0.493255
0.493318
0.493393
0.493341
0.493525
0.493488
0.150439
0.341439
0.405861
0.437086
0.44605
0.447194
0.447171
0.446336
0.445422
0.444918
0.446045
0.447585
0.448427
0.449786
0.451636
0.453169
0.454937
0.455959
0.45748
0.458087
0.459163
0.459554
0.460621
0.460944
0.46202
0.462339
0.46344
0.463671
0.464679
0.464861
0.465759
0.465894
0.466704
0.466834
0.467589
0.467701
0.468425
0.468536
0.469241
0.469373
0.470068
0.470224
0.470893
0.471105
0.471746
0.472011
0.472625
0.472969
0.473553
0.473956
0.474515
0.474945
0.475495
0.475938
0.476548
0.477021
0.477729
0.478177
0.478953
0.479383
0.480155
0.48058
0.481353
0.481741
0.482489
0.482893
0.483605
0.483953
0.484536
0.484863
