0.0202711
0.0169641
0.0151589
0.0131938
0.0112071
0.00957565
0.00826256
0.00723279
0.0064639
0.00593314
0.00559028
0.0053641
0.00520778
0.0050877
0.00501955
0.00496708
0.00492946
0.00491116
0.00489496
0.00487015
0.00485568
0.0048269
0.00480457
0.00477394
0.00474953
0.0047213
0.00470032
0.0046733
0.00465168
0.00462556
0.00460508
0.00458091
0.00456254
0.00453814
0.00452054
0.00449441
0.00447743
0.00444917
0.00443226
0.00440223
0.00438476
0.00435277
0.0043353
0.00430281
0.00428544
0.00425262
0.00423543
0.00420274
0.00418621
0.00415373
0.004138
0.00410663
0.00409465
0.0040682
0.00406142
0.00403869
0.0040335
0.00401131
0.00400532
0.00398291
0.00397696
0.00395642
0.00395264
0.00393522
0.00393283
0.00391698
0.00391438
0.00389879
0.0038956
0.00388021
0.0038763
0.00386066
0.00385522
0.00383868
0.00383152
0.00381478
0.0038074
0.00379213
0.00378589
0.00377225
0.00376859
0.00375708
0.00375612
0.00374584
0.00374599
0.00373634
0.00373693
0.00372775
0.00372889
0.00371999
0.00372225
0.00371362
0.00371635
0.00370829
0.00371082
0.00370395
0.00370576
0.00369909
0.00370182
0.00369499
0.00369877
0.00369233
0.00369511
0.00369071
0.00369181
0.00368935
0.00368918
0.00368532
0.00368754
0.00368325
0.00368484
0.00368124
0.00368136
0.00368031
0.0036787
0.003676
0.0203006
0.0170484
0.0153703
0.0134062
0.0113942
0.0097521
0.00843243
0.00741232
0.00667332
0.00620098
0.00588489
0.00565556
0.00550764
0.00541499
0.00534977
0.00531076
0.00526457
0.00522964
0.00518173
0.00514556
0.00510012
0.00507328
0.00503379
0.00501462
0.004978
0.00495982
0.00492082
0.00490275
0.0048626
0.00484499
0.00480598
0.00479024
0.00475328
0.00474034
0.00470601
0.00469673
0.00466499
0.00465861
0.00462921
0.00462508
0.00459768
0.00459519
0.00457048
0.00456935
0.00454817
0.00454939
0.00453262
0.00453494
0.00452121
0.00452379
0.00451338
0.00451939
0.00451558
0.00452827
0.00452995
0.00454822
0.00455458
0.00458043
0.0045935
0.00462886
0.00465244
0.00469584
0.00472842
0.00478123
0.00482382
0.0048824
0.00493049
0.00499413
0.00505233
0.00512292
