0.0144601
0.0150881
0.0054
0.00214288
0.000544617
0.000730637
0.00115289
0.00153332
0.00208058
0.00303832
0.00427543
0.005335
0.0061402
0.00658886
0.00733713
0.00784089
0.00821842
0.0087071
0.00903859
0.00907843
0.00929372
0.00924543
0.00936976
0.0093672
0.00947004
0.00948321
0.00958833
0.00959524
0.00967843
0.00970234
0.00977057
0.00979673
0.00986483
0.00987811
0.00995441
0.00994756
0.0100441
0.0100191
0.0101228
0.0100875
0.0101795
0.0101255
0.0102132
0.0101639
0.0102394
0.010197
0.0102622
0.0102293
0.0102871
0.0102584
0.010316
0.0102781
0.0103352
0.0102946
0.0103572
0.0103202
0.0103735
0.0103367
0.0103779
0.0103465
0.0103834
0.0103639
0.0103924
0.010388
0.0104011
0.0104064
0.0104012
0.0104077
0.0103913
0.0104054
0.010382
0.0104071
0.0103734
0.0104108
0.0103678
0.0104158
0.010363
0.0104221
0.0103683
0.0104241
0.0103826
0.0104259
0.0103975
0.0104283
0.0103995
0.0104216
0.0103899
0.0104097
0.0103817
0.0103953
0.010384
0.0103902
0.0103775
0.0103861
0.0103589
0.0103854
0.0103331
0.0103572
0.0103252
0.010334
0.0103201
0.010328
0.0102792
0.0103329
0.0102359
0.0103337
0.0102085
0.0102793
0.0102206
0.0102696
0.0101928
0.0102596
0.0101481
0.0102742
0.0101231
0.0102188
0.0146721
0.0159356
0.00659747
0.00272563
0.000916442
0.00120164
0.00160211
0.00209616
0.00290616
0.00445173
0.00574969
0.00654593
0.00744355
0.00832924
0.00895379
0.00960991
0.00984635
0.010166
0.0101257
0.0102988
0.010213
0.0104401
0.0103261
0.0105513
0.0104235
0.010631
0.0104813
0.0106782
0.0105408
0.0107
0.0105868
0.0107055
0.0106159
0.0106937
0.010616
0.01067
0.0105984
0.0106337
0.0105699
0.0105875
0.0105313
0.0105307
0.0104907
0.0104649
0.0104419
0.0103937
0.0103904
0.0103086
0.0103225
0.0102161
0.0102433
0.0101301
0.0101666
0.0100627
0.0100733
0.00997521
0.00993524
0.00986144
0.0097743
0.0097174
0.00960154
0.0095416
0.0093908
0.00933606
0.00916894
0.00911209
0.00892965
0.00886727
0.00870827
0.00863104
