2.05935
1.51039
1.18897
0.989351
0.836098
0.717623
0.62911
0.56575
0.52048
0.488423
0.466057
0.45106
0.440429
0.432165
0.425299
0.419497
0.414073
0.409421
0.403555
0.398008
0.392822
0.387742
0.383171
0.37849
0.374256
0.370046
0.366255
0.362407
0.358973
0.355217
0.352346
0.348529
0.346211
0.341916
0.340123
0.335242
0.333987
0.328374
0.327663
0.321308
0.321005
0.314284
0.314057
0.306881
0.306602
0.299013
0.298375
0.290319
0.289235
0.281104
0.280023
0.272713
0.271925
0.265879
0.264787
0.25931
0.258677
0.253855
0.254746
0.249628
0.251571
0.246523
0.249377
0.243057
0.246871
0.240199
0.245066
0.23698
0.243091
0.234332
0.240312
0.23221
0.238071
0.229593
0.234729
0.228195
0.231886
0.225912
0.229901
0.223244
0.227268
0.221423
0.2252
0.218713
0.223299
0.216201
0.221267
0.214117
0.219805
0.211188
0.217859
0.209436
0.216193
0.207227
0.213822
0.205725
0.211715
0.20365
0.209062
0.201986
