0.197221
0.458335
0.48681
0.49342
0.493983
0.493644
0.492923
0.491943
0.491055
0.490254
0.489556
0.48892
0.488473
0.488162
0.487967
0.487815
0.487787
0.487794
0.487966
0.488059
0.488142
0.488258
0.488316
0.488435
0.488512
0.488635
0.488723
0.488868
0.488972
0.489176
0.489246
0.489534
0.489547
0.489973
0.489904
0.490455
0.490265
0.490928
0.49059
0.491355
0.490884
0.491689
0.491147
0.49198
0.491379
0.492224
0.491602
0.492434
0.4918
0.492578
0.491942
0.492627
0.492042
0.492598
0.492148
0.492622
0.492179
0.492609
0.49209
0.492641
0.492032
0.492663
0.491971
0.492808
0.491945
0.492911
0.491896
0.493103
0.491861
0.493232
0.491961
0.493279
0.492049
0.49339
0.492235
0.493329
0.492434
0.493374
0.492514
0.493493
0.492638
0.493522
0.492742
0.493676
0.492782
0.49382
0.492843
0.493933
0.492865
0.494152
0.492883
0.494231
0.492934
0.494352
0.493028
0.494357
0.493131
0.494409
0.493254
0.494383
