0.0242007
0.012917
0.00486178
0.00380767
0.00398636
0.00432976
0.0047215
0.00519559
0.00562099
0.00601483
0.00642809
0.00690438
0.00735423
0.00771286
0.00800589
0.00827832
0.00852009
0.00879702
0.00891904
0.00903283
0.00915391
0.00924094
0.00934909
0.00941065
0.0094942
0.00955022
0.00963136
0.00968143
0.00976112
0.00978588
0.00988775
0.00988239
0.0100185
0.00996221
0.0101399
0.0100283
0.0102523
0.0100767
0.0103516
0.0101174
0.0104339
0.010182
0.0105144
0.0102418
0.0105905
0.0103123
0.0106628
0.0103836
0.0107337
0.010473
0.010817
0.0105899
0.0109013
0.010733
0.010973
0.0108073
0.0110483
0.0108754
0.0111945
0.0109167
0.0112761
0.0109555
0.0113647
0.0109101
0.0113978
0.0109093
0.0114777
0.0108611
0.0115259
0.0108582
0.0114971
0.0108976
0.0115059
0.0108738
0.0114128
0.0109609
0.0113642
0.010955
0.0113875
0.0109059
0.0113518
0.0109398
0.0113644
0.0108823
0.0113821
0.0108406
0.0113836
0.0108351
0.011426
0.01074
0.0114191
0.0107626
0.0114367
0.0107357
0.0113921
0.0107833
0.0113765
0.0107733
0.0113215
0.0108151
