0.139183
0.21541
0.231371
0.243271
0.245782
0.252188
0.252631
0.258057
0.25804
0.263154
0.262985
0.267976
0.267766
0.272749
0.272492
0.277356
0.277058
0.281944
0.28167
0.286554
0.286313
0.291211
0.290955
0.295888
0.295575
0.300552
0.300152
0.305186
0.304708
0.309833
0.309356
0.314627
0.314152
0.31947
0.31881
0.324164
0.323386
0.328748
0.327853
0.333302
0.332378
0.337769
0.336859
0.342093
0.341176
0.346195
0.345331
0.350177
0.349469
0.35406
0.353474
0.357726
0.357351
0.361272
0.361097
0.364697
0.364738
0.367994
0.368108
0.371054
0.371348
0.374065
0.374394
0.376805
0.377295
0.379459
0.380149
0.382138
0.382953
0.384306
0.385273
0.386545
0.387538
0.388686
0.38986
0.390919
0.39214
0.392366
0.392537
0.392571
0.392694
0.392569
0.392613
0.392799
0.392974
0.39297
0.393064
0.393053
0.393137
0.392988
0.393108
0.393052
0.393146
0.39314
0.393261
0.393298
0.393484
0.393347
0.393456
0.393488
0.393509
0.393447
0.393437
0.39344
0.393744
0.393549
0.393641
0.393603
0.393801
0.39375
0.39375
0.393621
0.393995
0.393846
0.39391
0.393798
0.393958
0.393941
0.393936
0.393815
0.393953
0.39392
0.394066
0.393988
0.394118
0.3939
0.394162
0.394068
0.3942
0.394056
0.394116
0.394162
0.394246
0.394008
0.394075
0.394175
0.394313
0.394215
0.394283
0.394192
0.394264
0.394222
0.394301
0.394169
0.394259
0.394149
0.394359
0.394174
0.394251
0.394225
