0.0133912
0.0309919
0.0383623
0.0415942
0.0401621
0.0432211
0.039666
0.0431818
0.0390412
0.0423824
0.0381568
0.0412454
0.0371373
0.0399971
0.0361029
0.0386595
0.0350294
0.037436
0.0340838
0.0362775
0.0331217
0.0351734
0.0321816
0.0341026
0.0312628
0.0330423
0.0303434
0.0320225
0.0294401
0.0310264
0.0285424
0.0300285
0.0276306
0.0290246
0.0267044
0.0280324
0.0257619
0.0270417
0.0248145
0.0260376
0.0238229
0.0250053
0.022904
0.0239481
0.0219839
0.0228771
0.0210303
0.0217853
0.020022
0.0206787
0.0190293
0.0196211
0.0181023
0.0185836
0.0172273
0.0175637
0.0163567
0.0165361
0.015487
0.015565
0.0146142
0.0146007
0.013725
0.0136917
0.0128666
0.0127682
0.0120588
0.0117743
0.0111856
0.0108749
0.0103656
0.0101067
0.00959341
0.0093856
0.00887037
0.00864131
0.0082087
0.00805957
0.00793202
0.00800935
0.00786041
0.00784757
0.00769581
0.0078346
0.00780426
0.00778509
0.00769983
0.00774047
0.00765829
0.00775903
0.00764583
0.00763195
0.00740958
0.00748786
0.00749326
0.00760346
0.00752812
0.00758535
0.00749963
0.00752823
0.00752073
0.00729122
0.00740428
0.00750162
0.00745579
0.0074408
0.00732077
0.0074023
0.00743964
0.00738285
0.00714814
0.00737458
0.007323
0.00735764
0.00724561
0.00727134
0.00731104
0.00731394
0.00721484
0.0070464
0.00713592
0.00725538
0.00721351
0.00719358
0.00700681
0.00721838
0.00712607
0.00718592
0.00713459
0.00712019
0.00711371
0.00714569
0.00710698
0.00694158
0.00702481
0.00710559
0.00709362
0.00710067
0.00702951
0.00705671
0.00704098
0.00709264
0.00701911
0.00701494
0.00696121
0.00708357
0.00698917
0.00698512
0.00692838
0.00704616
