1.36078
1.19627
1.22129
1.11018
1.08742
1.02782
0.995867
0.970352
0.935831
0.918672
0.882379
0.866269
0.83553
0.821345
0.798853
0.784347
0.767957
0.753776
0.74235
0.726455
0.717726
0.70059
0.694349
0.675581
0.67188
0.651492
0.64986
0.628366
0.628223
0.605746
0.607044
0.584454
0.587117
0.56367
0.567215
0.543217
0.547223
0.52327
0.527243
0.503668
0.506436
0.48395
0.486944
0.464315
0.467522
0.444905
0.447666
0.425433
0.427083
0.406052
0.406913
0.387671
0.387736
0.369886
0.369483
0.352595
0.351662
0.33547
0.334373
0.319436
0.317694
0.303623
0.301436
0.288878
0.285871
0.274418
0.271068
0.259735
0.255604
0.246536
0.241731
0.234561
0.228253
0.222185
0.215505
0.209751
0.204039
0.199322
0.196219
0.195904
0.192659
0.190413
0.187601
0.186966
0.185587
0.184582
0.182196
0.18207
0.179788
0.181761
0.180005
0.178718
0.175302
0.175071
0.173753
0.174515
0.172653
0.173317
0.171708
0.172069
0.17124
0.169023
0.168667
0.169523
0.168481
0.168287
0.166264
0.166563
0.167041
0.166212
0.163237
0.164935
0.163357
0.164188
0.162147
0.162118
0.162399
0.163167
0.16106
0.159523
0.159051
0.160181
0.159938
0.159128
0.156947
0.159118
0.157079
0.157819
0.15666
0.157036
0.156467
0.157005
0.155906
0.155243
0.154452
0.154802
0.15452
0.154925
0.153638
0.153774
0.153138
0.154088
0.153322
0.152741
0.151769
0.153598
0.152068
0.151548
0.1506
0.15194
