0.0136398
0.0302405
0.0305067
0.0307964
0.0311136
0.0314563
0.031821
0.0322017
0.03259
0.0329842
0.0333816
0.0337784
0.034179
0.0345847
0.035
0.0354267
0.0358751
0.0363468
0.0368508
0.0373891
0.0379619
0.0385767
0.0392136
0.0398682
0.0405295
0.0412061
0.0418987
0.0425976
0.0433148
0.04404
0.0447514
0.0454486
0.0461384
0.0468301
0.0475175
0.0481975
0.0488736
0.049529
0.050172
0.0508007
0.0514185
0.0520194
0.0526082
0.0531772
0.0537152
0.0542427
0.054754
0.0552522
0.055736
0.0562031
0.0566596
0.0571126
0.057553
0.0579871
0.0583991
0.058782
0.059155
0.0595184
0.0598692
0.0602162
0.0605523
0.0608826
0.0612018
0.0615083
0.0617877
0.0620458
0.0622924
0.0625283
0.062759
0.0629818
0.0632007
0.0634054
0.063599
0.0637855
0.0639675
0.0641483
0.0643202
0.0644558
0.0645838
0.0647061
0.0648242
0.0649441
0.0650586
0.0651671
0.0652678
0.0653721
0.0654728
0.0655729
0.065671
0.0657693
0.0658673
0.0659642
0.0660603
0.0661518
0.0662434
0.0663309
0.0664149
0.0665008
0.0665864
0.0666691
0.0667515
0.0668317
0.0669114
0.0669896
0.0670659
0.0671409
0.0672132
0.0672851
0.0673626
0.0674356
0.0675116
0.0675876
0.0676611
0.0677318
0.0677976
0.0678644
0.0679335
0.0680003
0.0680668
0.0681314
0.0681955
0.0682622
0.0683266
0.0683896
0.0684509
0.0685107
0.0685678
0.0686234
0.0686782
0.0687362
0.0687986
0.0688623
0.0689262
0.0689893
0.0690516
0.0691148
0.0691788
0.0692423
0.069304
0.0693634
0.0694212
0.0694754
0.0695307
0.0695875
0.0696456
0.0697078
0.0697716
0.0698358
0.0698992
0.0699607
