1.65056
1.37655
1.16777
0.999292
0.86405
0.755875
0.669726
0.60147
0.547643
0.505423
0.472441
0.446737
0.426733
0.411099
0.398759
0.388814
0.380558
0.373416
0.366945
0.360847
0.354883
0.348916
0.342931
0.33692
0.330856
0.32471
0.318544
0.31234
0.306151
0.300051
0.294089
0.288251
0.282506
0.276889
0.271407
0.266066
0.260903
0.255909
0.251062
0.246353
0.241817
0.237439
0.233211
0.229153
0.22525
0.221488
0.217867
0.214376
0.211002
0.207735
0.204567
0.201495
0.198532
0.195666
0.19292
0.190281
0.187727
0.185252
0.18285
0.180518
0.178254
0.176054
0.173922
0.171871
0.169903
0.168002
0.166158
0.164377
0.16265
0.160972
0.15934
0.157761
0.156229
0.15474
0.15329
0.151871
0.150491
0.149174
0.147886
0.146621
0.145382
0.14416
0.142968
0.141806
0.140676
0.139561
0.13847
0.137395
0.13634
0.135304
0.134279
0.133269
0.132274
0.131299
0.13034
0.129401
0.128478
0.127562
0.126659
0.125773
0.1249
0.124041
0.123196
0.122364
0.121548
0.120745
0.119956
0.119182
0.118415
0.117666
0.116924
0.116191
0.115472
0.114768
0.114079
0.1134
0.112728
0.112067
0.111413
0.110768
0.110132
0.1095
0.108877
0.108263
0.107657
0.107062
0.106478
0.105903
0.105337
0.104775
0.104214
0.103657
0.103106
0.102563
0.102027
0.101498
0.100972
0.100452
0.099941
0.099439
0.0989456
0.0984627
0.097984
0.0975086
0.0970373
0.0965666
0.0960982
0.0956338
0.0951762
0.0947254
