0.0956877
0.0823887
0.0703029
0.0593371
0.0494174
0.0404529
0.0323635
0.025079
0.0185321
0.0126681
0.00743107
0.00276698
0.00136053
0.00498902
0.00816008
0.0109034
0.0132497
0.0152277
0.0168633
0.0181918
0.0192416
0.0200414
0.0206358
0.0210583
0.021333
0.0214777
0.0215181
0.0214642
0.0213362
0.0211532
0.0209298
0.0206711
0.0203784
0.0200632
0.0197302
0.0193834
0.019033
0.0186786
0.01832
0.0179581
0.0176025
0.0172507
0.0169043
0.0165681
0.0162389
0.0159193
0.0156095
0.015309
0.0150159
0.0147293
0.0144487
0.0141757
0.0139123
0.0136573
0.0134142
0.0131786
0.0129504
0.0127282
0.0125108
0.0122998
0.0120937
0.0118931
0.011698
0.0115129
0.0113351
0.0111622
0.0109938
0.010833
0.0106782
0.0105275
0.0103815
0.0102397
0.0101012
0.00996664
0.00983544
0.00970713
0.00958152
0.00946301
0.00935081
0.00924379
0.00914273
0.00904657
0.00895616
0.00887113
0.00879156
0.00871565
0.0086433
0.00857306
0.00850531
0.00844062
0.00837619
0.00831278
0.008251
0.00819093
0.00813324
0.00807738
0.00802185
0.00796608
0.00791081
0.00785707
0.00780372
0.00775106
0.00769967
0.00764845
0.00759854
0.00754942
0.00750067
0.00745372
0.00740739
0.00736222
0.00731727
0.00727245
0.00722852
0.00718555
0.0071435
0.00710227
0.00706188
0.00702113
0.00698003
0.0069386
0.00689728
0.00685546
0.00681311
0.00677064
0.0067277
0.00668606
0.00664446
0.00660297
0.0065622
0.00652172
0.00648099
0.00643996
0.00639885
0.00635822
0.00631813
0.00627832
0.00623817
0.0061978
0.00615791
0.0061188
0.00608073
0.0060436
0.00600633
0.00596887
0.00593147
0.00589398
0.00585606
0.00581812
0.00578066
0.00574337
