2.04389
1.39332
1.16406
1.00706
0.875578
0.762687
0.667614
0.589736
0.527675
0.47915
0.441966
0.413897
0.392883
0.37727
0.365708
0.356979
0.350273
0.34498
0.340665
0.336983
0.333743
0.330875
0.328193
0.325663
0.323268
0.320978
0.318764
0.316605
0.314481
0.312377
0.310278
0.30818
0.306064
0.303918
0.301739
0.29952
0.29726
0.294966
0.292647
0.290315
0.287979
0.285651
0.283324
0.281025
0.278754
0.276479
0.274213
0.271978
0.269777
0.267609
0.265464
0.263347
0.261249
0.259168
0.2571
0.255048
0.253012
0.250993
0.248999
0.247032
0.245089
0.243164
0.241258
0.239368
0.237498
0.23565
0.233821
0.232012
0.230219
0.228439
0.226673
0.224918
0.223172
0.221438
0.219716
0.218004
0.216304
0.214616
0.212936
0.211267
0.20961
0.207957
0.206315
0.204682
0.203057
0.201438
0.199818
0.198194
0.196562
0.194914
0.193247
0.191546
0.189807
0.188022
0.18618
0.184272
0.182288
0.180216
0.178054
0.175803
0.173469
0.171072
0.168636
0.166187
0.163738
0.161294
0.158862
0.156453
0.154092
0.151824
0.149694
0.147745
0.145995
0.144445
0.143078
0.14187
0.140788
0.139793
0.138855
0.137962
0.137118
0.136342
0.13563
0.134994
0.134418
0.133885
0.133377
0.132881
0.132389
