0.161671
0.229462
0.245007
0.254203
0.253131
0.261033
0.258768
0.267045
0.264127
0.272618
0.269222
0.277823
0.274275
0.282892
0.279197
0.28786
0.284092
0.292861
0.289026
0.297942
0.294098
0.303045
0.299183
0.308135
0.304267
0.313176
0.30934
0.318171
0.314372
0.323186
0.319395
0.328184
0.324409
0.333156
0.329383
0.338053
0.33432
0.342809
0.339206
0.347439
0.343904
0.351974
0.348698
0.356418
0.353151
0.360676
0.357752
0.364824
0.361988
0.36889
0.366327
0.372794
0.370498
0.376543
0.374527
0.380067
0.378438
0.383462
0.382196
0.386649
0.385661
0.389771
0.389194
0.392755
0.39236
0.395662
0.395121
0.39821
0.398155
0.400383
0.400878
0.403176
0.403549
0.405622
0.406169
0.407876
0.408083
0.40908
0.409109
0.409223
0.409342
0.409517
0.409285
0.409639
0.409488
0.409678
0.409738
0.409735
0.409539
0.410016
0.409766
0.409667
0.409973
0.409976
0.409617
0.41011
0.409879
0.409828
0.410029
0.410125
0.409722
0.410232
0.41002
0.409845
0.41016
0.410166
0.409821
0.410287
0.410107
0.40996
0.4102
0.410185
0.409865
0.410322
0.41005
0.409903
0.410283
0.4102
0.409767
0.410382
0.410107
0.409939
0.410245
0.410217
0.409859
0.410399
0.410138
0.409978
0.410296
0.410297
0.409877
0.410452
0.410158
0.410047
0.410266
0.41035
0.409868
0.410468
0.41016
0.410045
0.410209
0.410377
0.410051
0.410311
0.410093
0.410236
0.410248
0.410184
0.410144
0.410345
