0.0187393
0.037144
0.0402949
0.0447574
0.0389832
0.0451067
0.0382255
0.0452942
0.0376447
0.0452403
0.0370986
0.0446878
0.036463
0.0437334
0.0356508
0.0426097
0.0348081
0.0414773
0.0339678
0.0403268
0.0331459
0.0391581
0.0323146
0.0380003
0.0314853
0.0368045
0.0306265
0.0355865
0.0297295
0.034401
0.0288545
0.0332211
0.0279742
0.032022
0.0270619
0.0308066
0.0261376
0.0295963
0.0252143
0.0283959
0.0242745
0.0272015
0.0234087
0.0259513
0.0224984
0.0247327
0.0216062
0.0235104
0.0206642
0.0223157
0.0197118
0.0211534
0.018756
0.020009
0.0178306
0.0188975
0.0169307
0.0178134
0.0160321
0.0166874
0.0151773
0.015669
0.0142525
0.0146412
0.0135464
0.0134619
0.012769
0.0127582
0.0118183
0.0118384
0.0110685
0.0108293
0.0103656
0.0100547
0.00943071
0.00918007
0.00881769
0.00846622
0.00836692
0.00842395
0.00825469
0.00812954
0.00826078
0.00814605
0.00813608
0.00812853
0.00802194
0.00797717
0.00820878
0.00796949
0.00789585
0.00809211
0.00795132
0.00780472
0.00807986
0.00786123
0.00781082
0.00800256
0.00787763
0.00769183
0.00801289
0.00780385
0.00766833
0.00791673
0.00778782
0.00760911
0.00792792
0.0077134
0.00760397
0.00784011
0.00771395
0.00754108
0.00784922
0.00762682
0.0075727
0.00781131
0.00763507
0.00747855
0.007829
0.00758251
0.0074854
0.00773059
0.00760864
0.00744738
0.00776742
0.00753815
0.00745419
0.00767573
0.00755804
0.00738261
0.00771061
0.00744484
0.00741216
0.00762131
0.00750631
0.00731935
0.00766261
0.00741921
0.00734749
0.00753876
0.00748561
0.00730536
0.00751759
0.00736842
0.00741042
0.00747019
0.00734599
0.00732327
0.00749375
0.00725876
