1.39834
1.25374
1.26337
1.18304
1.08764
1.07577
0.980415
1.00539
0.907526
0.956708
0.858287
0.916742
0.825962
0.882959
0.798821
0.851453
0.77564
0.823057
0.754526
0.795711
0.734431
0.769051
0.714395
0.742926
0.694631
0.716639
0.674496
0.690665
0.65402
0.665256
0.633989
0.640173
0.613917
0.615185
0.593241
0.590131
0.572236
0.565561
0.55135
0.541535
0.530406
0.518014
0.510781
0.494178
0.490786
0.471622
0.471313
0.449665
0.45157
0.4288
0.431867
0.408985
0.412367
0.39001
0.393393
0.372114
0.374951
0.355123
0.357125
0.337955
0.340144
0.322579
0.323161
0.307562
0.309676
0.290221
0.296269
0.279683
0.280235
0.268692
0.267347
0.253344
0.254644
0.243998
0.239414
0.232071
0.230577
0.22104
0.221327
0.218618
0.216803
0.212748
0.215257
0.209491
0.211225
0.208546
0.206867
0.204125
0.208038
0.202113
0.202451
0.202655
0.201026
0.197371
0.202164
0.19744
0.197131
0.197871
0.197553
0.192583
0.197837
0.193535
0.192256
0.193244
0.192763
0.187798
0.192699
0.188001
0.186741
0.18771
0.187562
0.182876
0.187816
0.183359
0.183462
0.185304
0.184028
0.180112
0.186506
0.181519
0.181042
0.182593
0.18227
0.178313
0.183799
0.179432
0.179271
0.18091
0.180316
0.176325
0.182412
0.17736
0.177542
0.178902
0.178576
0.174475
0.180493
0.175633
0.175757
0.176958
0.176721
0.17335
0.178398
0.173708
0.175172
0.176026
0.174484
0.172463
0.177265
0.171853
